((("wb_rd" .
   [2 0 0 0 0])
  ("jalr_a" .
   [1 0 0 0 0 0])
  ("br" .
   [1 0])
  ("jump_branch_address" .
   [1 0 0 0 0 0 0 0 0 0 0 0 0 0 0 0 0 0 0])
  ("kill_and_redo" .
   [0 0 0 0 2 0 0 0 1 1 0 0 0])
  ("ex_load" .
   [8 0 0 0 0 0 0])
  ("comp_b" .
   [5 0 0 0 0 0])
  ("comp_a" .
   [9 0 0 0 0 0])
  ("ex_rd" .
   [7 0 0 0 0])
  ("l" .
   [2])
  ("rs2" .
   [4 0 0])
  ("jump_address" .
   [1 0 0 0 0 0 0 0 0 0 0 0])
  ("add" .
   [1 0 0])
  ("pc" .
   [1 0])
  ("address_res" .
   [3 0 0 0 0 0 0 0 0 0 0])
  ("write_enable" .
   [0 0 0 0 0 0 0 0 1 0 0 0])
  ("data_out" .
   [1 0 0 0 0 0 0 0])
  ("d0" .
   [2 0])
  ("b0000" .
   [1 0 0 0 0])
  ("b0100" .
   [1 0 0 0 0])
  ("b10" .
   [1 0 0])
  ("b0010" .
   [1 0 0 0 0])
  ("default" .
   [0 0 0 0 2 0 0])
  ("b1100" .
   [1 0 0 0 0])
  ("bx" .
   [12 0])
  ("data_in" .
   [0 0 0 0 8 0 0])
  ("out" .
   [10 0 0])
  ("address_offset" .
   [0 0 0 0 0 1 0 0 1 0 0 0 0 0])
  ("wen" .
   [12 0 0])
  ("reset" .
   [1 0 0 0 0])
  ("rd" .
   [2 0])
  ("rs1" .
   [6 0 0])
  ("jal" .
   [2 0 0])
  ("csr_reg_imm" .
   [0 0 0 0 0 0 0 2 0 0 0])
  ("wb" .
   [1 0])
  ("alu_operand2" .
   [0 0 0 0 0 0 0 1 0 0 0 0])
  ("operand1" .
   [1 0 0 0 0 0 0 0])
  ("alu_operand1" .
   [0 0 0 0 0 0 0 0 0 0 0 1])
  ("alu_control" .
   [1 0 0 0 0 0 0 0 0 0 0])
  ("alu_cntrl" .
   [0 0 0 0 0 0 0 1 0])
  ("Decoder_t" .
   [0 0 0 0 0 0 0 1 0])
  ("jal_jalr" .
   [1 0 0 2 1 0 0 0])
  ("reg_imm" .
   [2 0 0 0 0 0 0])
  ("csr_en" .
   [4 0 0 0 0 0])
  ("b000" .
   [4 0 0 0])
  ("wb_sel" .
   [5 0 0 1 0 0])
  ("reg_file_wen" .
   [0 0 0 0 0 0 0 0 5 0 0 0])
  ("OPC_JALR" .
   [1 0 0 0 0 0 0 0])
  ("jalr" .
   [5 0 0 0])
  ("assing" .
   [1 0 0 0 0 0])
  ("itype_only" .
   [4 0 0 0 0 0 0 1 1 0])
  ("OPC_ARI_ITYPE_5" .
   [0 0 0 0 0 0 0 2 0 0 0 0 0 0 0])
  ("read" .
   [1 0 0 0])
  ("store" .
   [5 0 0 0 0])
  ("read_write_nop" .
   [0 0 0 0 2 1 0 0 1 0 0 0 0 0])
  ("load" .
   [6 0 0 0])
  ("b01" .
   [5 0 0])
  ("operand2" .
   [0 0 0 1 0 0 0 1])
  ("b00" .
   [9 0 0])
  ("opera" .
   [2 0 0 0 0])
  ("opearnd1" .
   [0 0 0 0 1 3 0 0])
  ("OPC_AUIPC" .
   [0 0 0 0 0 0 0 1 0])
  ("auipc" .
   [7 0 0 0 0])
  ("jtype" .
   [6 0 0 0 0])
  ("inst" .
   [8 0 0 0])
  ("funct7" .
   [1 0 0 0 0 0])
  ("rtype" .
   [4 0 0 0 0])
  ("ujtype" .
   [2 0 0 0 0 0])
  ("utype" .
   [4 0 0 0 0])
  ("sbtype" .
   [5 0 0 0 0 1])
  ("itype" .
   [6 0 0 0 0])
  ("stype" .
   [7 0 0 0 0])
  ("alu_op" .
   [5 0 0 0 0 0])
  ("func7" .
   [1 0 0 0 0])
  ("alu_sel" .
   [2 0 0 0 0 0 0])
  ("funct3" .
   [15 0 0 0 0 0])
  ("opcode" .
   [15 0 0 0 0 0])
  ("locale" .
   [0 0 0 0 0 1])
  ("prevprev" .
   [2 0 0 0 0 0 0 0])
  ("before" .
   [4 0 0 0 0 0])
  ("prev" .
   [10 0 0 0])
  ("glh" .
   [10 0 0])
  ("dp" .
   [9 0])
  ("jumpTill" .
   [0 0 0 0 0 0 2 2])
  ("total" .
   [35 0 0 0 0])
  ("jump" .
   [91 0 0 0])
  ("randint" .
   [2 0 0 0 0 0 0])
  ("split" .
   [1 0 0 0 0])
  ("join" .
   [3 0 0 0])
  ("write" .
   [5 0 0 0 0])
  ("spwd" .
   [0 0 1 0])
  ("i" .
   [1])
  ("full" .
   [1 0 0 0])
  ("wr_en" .
   [2 0 0 0 0])
  ("empty" .
   [1 0 0 0 0])
  ("rd_en" .
   [0 0 1 0 0])
  ("items" .
   [7 0 0 0 0])
  ("POINTER_WIDTH" .
   [0 0 0 0 1 0 0 0 0 0 0 0 0])
  ("ua_rx_rd_en" .
   [0 0 0 0 0 0 0 0 1 0 0])
  ("save_address" .
   [0 0 0 0 1 0 0 0 2 0 0 0])
  ("ua_tx_full" .
   [1 0 0 0 0 0 0 0 1 0])
  ("fcw" .
   [1 0 0])
  ("timer_interupt" .
   [0 0 0 0 0 0 0 0 0 1 0 0 0 0])
  ("note_timer" .
   [1 0 0 0 2 1 0 1 0 1])
  ("button" .
   [0 0 0 0 0 1])
  ("buttons" .
   [3 0 0 0 0 0 0])
  ("num_fifth_sec" .
   [0 0 0 1 0 0 1 3 0 1 0 0 0])
  ("s" .
   [1])
  ("fifth_sec" .
   [3 0 0 0 0 0 0 0 0])
  ("FIFTH_SECOND" .
   [0 0 0 0 0 3 0 0 0 0 0 0])
  ("sec" .
   [2 0 0])
  ("b1" .
   [18 0])
  ("rst" .
   [5 0 0])
  ("clk" .
   [9 0 0])
  ("always" .
   [0 0 0 0 0 2])
  ("COUNTER_WIDTH" .
   [0 0 0 0 0 0 1 2 0 0 0 0 0])
  ("CYCLES_PER_SECOND" .
   [0 0 0 2 0 0 0 0 0 0 0 0 0 0 0 0 0])
  ("$clog2" .
   [0 0 0 0 0 1])
  ("ua_tx_wr_en" .
   [0 0 0 0 0 0 0 0 0 0 1])
  ("ua_tx_din" .
   [2 0 0 0 0 0 0 0 0])
  ("d_fcw" .
   [1 0 0 1 0])
  ("ua_rx_dout" .
   [0 0 0 0 0 1 0 0 0 1])
  ("ua_address" .
   [1 0 0 0 0 0 2 0 0 0])
  ("last_address" .
   [0 0 0 0 1 0 0 0 0 0 0 0])
  ("data" .
   [1 0 0 0])
  ("address" .
   [1 0 0 0 0 0 0])
  ("piano_scale_rom" .
   [0 0 0 0 0 0 0 0 0 1 0 0 0 0 0])
  ("begin" .
   [0 0 0 1 1])
  ("ua_rx_empty" .
   [1 0 0 0 0 0 0 0 6 0 0])
  ("apply" .
   [0 0 0 0 1])
  ("insert" .
   [0 0 0 0 0 1])
  ("return" .
   [0 0 0 2 1 1])
  ("find" .
   [5 0 0 1])
  ("append" .
   [3 0 0 0 0 0])
  ("jumps" .
   [30 0 0 0 3])
  ("pop" .
   [1 0 0])
  ("flag" .
   [3 0 0 0])
  ("total_jumps" .
   [1 0 0 0 0 2 0 0 0 0 0])
  ("jumped" .
   [4 0 0 0 1 0])
  ("sqrt" .
   [7 0 0 0])
  ("manhattan" .
   [0 0 0 2 0 0 0 1 0])
  ("thismin" .
   [0 0 0 0 2 0 0])
  ("localmin" .
   [4 0 0 0 0 0 0 0])
  ("dist" .
   [1 0 0 0])
  ("we" .
   [4 0])
  ("mem" .
   [5 0 0])
  ("wa" .
   [5 0])
  ("wd" .
   [2 0])
  ("DEPTH" .
   [1 0 0 0 0])
  ("gated_clk" .
   [0 0 0 0 0 2 0 0 0])
  ("rd1" .
   [1 0 0])
  ("ra1" .
   [1 0 0])
  ("Control" .
   [1 0 0 0 0 0 0])
  ("control" .
   [13 0 0 0 0 1 0])
  ("cpu_pkg" .
   [2 0 0 0 1 0 0])
  ("imm_sel" .
   [5 0 0 0 0 0 0])
  ("b0001" .
   [1 0 0 0 0])
  ("b00001" .
   [2 0 0 0 0 0])
  ("b00010" .
   [1 0 0 0 0 0])
  ("b00100" .
   [1 0 0 0 0 0])
  ("b01000" .
   [1 0 0 0 0 0])
  ("b10000" .
   [1 0 0 0 0 0])
  ("csr" .
   [4 0 0])
  ("b100000" .
   [2 0 0 0 0 0 0])
  ("b010000" .
   [1 0 0 0 0 0 0])
  ("b001000" .
   [1 0 0 0 0 0 0])
  ("b000100" .
   [1 0 0 0 0 0 0])
  ("b001" .
   [6 0 0 0])
  ("b110" .
   [1 0 0 0])
  ("b010" .
   [6 0 0 0])
  ("b011" .
   [2 0 0 0])
  ("b100" .
   [4 0 0 0])
  ("b101" .
   [3 0 0 0])
  ("cmp" .
   [1 0 0])
  ("comp_sign" .
   [0 0 0 0 0 0 0 0 1])
  ("FNC_BLTU" .
   [2 0 0 0 0 0 0 0])
  ("FNC_BGEU" .
   [2 0 0 0 0 0 0 0])
  ("b0" .
   [13 0])
  ("alu" .
   [1 0 0])
  ("FNC_BEQ" .
   [1 0 0 0 0 0 0])
  ("eq" .
   [5 0])
  ("FNC_BNE" .
   [1 0 0 0 0 0 0])
  ("FNC_BLT" .
   [1 0 0 0 0 0 0])
  ("lt" .
   [5 0])
  ("FNC_BGE" .
   [1 0 0 0 0 0 0])
  ("taken" .
   [8 0 0 0 0])
  ("forwarding" .
   [0 0 0 0 0 0 1 0 0 0])
  ("en" .
   [25 0])
  ("`include" .
   [1 0 0 0 0 0 0 0])
  ("byte_half_full" .
   [1 0 0 0 0 0 2 1 1 2 0 0 0 0])
  ("funct" .
   [1 0 0 0 0])
  ("b1000" .
   [2 0 0 0 0])
  ("unsinged_load" .
   [1 0 0 0 0 0 0 0 0 0 0 0 0])
  ("imm" .
   [5 0 0])
  ("h00001000" .
   [1 0 0 0 0 0 0 0 0])
  ("jalr_operand" .
   [1 0 0 0 0 0 0 0 1 0 0 0])))
